zetas=-48.0:0.5:0;

maximosStgoCentroEW=1.0e-03*[
    0.5083
    0.5031
    0.4979
    0.4928
    0.4876
    0.4825
    0.4773
    0.4722
    0.4670
    0.4618
    0.4567
    0.4515
    0.4464
    0.4412
    0.4360
    0.4309
    0.4257
    0.4205
    0.4154
    0.4102
    0.4051
    0.3999
    0.3948
    0.3897
    0.3845
    0.3794
    0.3743
    0.3692
    0.3641
    0.3590
    0.3539
    0.3488
    0.3436
    0.3385
    0.3334
    0.3282
    0.3231
    0.3175
    0.3119
    0.3075
    0.3031
    0.2999
    0.2972
    0.2956
    0.2928
    0.2912
    0.2884
    0.2868
    0.2840
    0.2825
    0.2795
    0.2778
    0.2747
    0.2730
    0.2698
    0.2680
    0.2649
    0.2631
    0.2597
    0.2578
    0.2544
    0.2524
    0.2489
    0.2470
    0.2434
    0.2414
    0.2378
    0.2358
    0.2321
    0.2300
    0.2261
    0.2239
    0.2198
    0.2177
    0.2135
    0.2112
    0.2068
    0.2044
    0.1996
    0.1971
    0.1919
    0.1894
    0.1841
    0.1947
    0.2010
    0.2107
    0.2155
    0.2185
    0.2033
    0.1875
    0.1660
    0.1442
    0.1217
    0.0986
    0.0740
    0.0494
    0.0220];

maximosStgoCentroSN=1.0e-03*[
    0.5224
    0.5173
    0.5121
    0.5069
    0.5017
    0.4965
    0.4913
    0.4861
    0.4810
    0.4758
    0.4706
    0.4654
    0.4602
    0.4550
    0.4498
    0.4446
    0.4394
    0.4342
    0.4290
    0.4238
    0.4186
    0.4133
    0.4081
    0.4029
    0.3977
    0.3925
    0.3872
    0.3820
    0.3768
    0.3715
    0.3663
    0.3611
    0.3558
    0.3506
    0.3453
    0.3401
    0.3348
    0.3291
    0.3233
    0.3189
    0.3144
    0.3112
    0.3084
    0.3068
    0.3040
    0.3024
    0.2996
    0.2980
    0.2952
    0.2937
    0.2907
    0.2890
    0.2859
    0.2842
    0.2810
    0.2793
    0.2761
    0.2743
    0.2709
    0.2690
    0.2656
    0.2636
    0.2601
    0.2582
    0.2546
    0.2527
    0.2490
    0.2472
    0.2433
    0.2414
    0.2374
    0.2353
    0.2312
    0.2291
    0.2248
    0.2227
    0.2181
    0.2159
    0.2110
    0.2086
    0.2034
    0.2010
    0.1956
    0.2070
    0.2141
    0.2248
    0.2302
    0.2338
    0.2180
    0.2015
    0.1789
    0.1559
    0.1322
    0.1077
    0.0814
    0.0550
    0.0251];

maximosStgolafloridaEW=1.0e-03*[
    0.4961
    0.4910
    0.4859
    0.4808
    0.4756
    0.4705
    0.4654
    0.4603
    0.4551
    0.4500
    0.4449
    0.4398
    0.4346
    0.4295
    0.4244
    0.4193
    0.4141
    0.4090
    0.4039
    0.3987
    0.3936
    0.3885
    0.3833
    0.3782
    0.3731
    0.3679
    0.3628
    0.3577
    0.3525
    0.3474
    0.3423
    0.3371
    0.3320
    0.3269
    0.3217
    0.3166
    0.3114
    0.3058
    0.3003
    0.2959
    0.2915
    0.2882
    0.2854
    0.2837
    0.2808
    0.2790
    0.2761
    0.2744
    0.2715
    0.2698
    0.2668
    0.2649
    0.2617
    0.2598
    0.2566
    0.2547
    0.2514
    0.2494
    0.2460
    0.2439
    0.2404
    0.2382
    0.2346
    0.2324
    0.2287
    0.2266
    0.2228
    0.2206
    0.2167
    0.2145
    0.2104
    0.2080
    0.2038
    0.2014
    0.1970
    0.1945
    0.1898
    0.1872
    0.1822
    0.1794
    0.1741
    0.1713
    0.1658
    0.1744
    0.1792
    0.1868
    0.1900
    0.1915
    0.1769
    0.1618
    0.1419
    0.1217
    0.1013
    0.0805
    0.0592
    0.0378
    0.0150];

maximosStgolafloridaSN=1.0e-03*[    0.4987
    0.4936
    0.4885
    0.4834
    0.4782
    0.4731
    0.4680
    0.4629
    0.4577
    0.4526
    0.4475
    0.4424
    0.4372
    0.4321
    0.4270
    0.4218
    0.4167
    0.4116
    0.4064
    0.4013
    0.3961
    0.3910
    0.3859
    0.3807
    0.3756
    0.3704
    0.3653
    0.3602
    0.3550
    0.3499
    0.3447
    0.3396
    0.3344
    0.3293
    0.3242
    0.3190
    0.3139
    0.3083
    0.3027
    0.2983
    0.2939
    0.2906
    0.2879
    0.2862
    0.2833
    0.2816
    0.2788
    0.2771
    0.2742
    0.2726
    0.2696
    0.2677
    0.2646
    0.2627
    0.2595
    0.2577
    0.2544
    0.2525
    0.2491
    0.2471
    0.2436
    0.2415
    0.2379
    0.2358
    0.2321
    0.2300
    0.2263
    0.2242
    0.2203
    0.2181
    0.2141
    0.2118
    0.2076
    0.2052
    0.2009
    0.1984
    0.1938
    0.1912
    0.1863
    0.1835
    0.1783
    0.1756
    0.1702
    0.1793
    0.1844
    0.1926
    0.1961
    0.1980
    0.1834
    0.1681
    0.1479
    0.1273
    0.1065
    0.0852
    0.0630
    0.0407
    0.0168];

maximosStgomaipuEW=1.0e-03*[0.5041
    0.4990
    0.4938
    0.4887
    0.4836
    0.4785
    0.4734
    0.4683
    0.4632
    0.4580
    0.4529
    0.4478
    0.4427
    0.4375
    0.4324
    0.4273
    0.4222
    0.4170
    0.4119
    0.4068
    0.4016
    0.3965
    0.3914
    0.3862
    0.3811
    0.3760
    0.3708
    0.3657
    0.3605
    0.3554
    0.3502
    0.3451
    0.3399
    0.3348
    0.3296
    0.3245
    0.3193
    0.3137
    0.3081
    0.3037
    0.2993
    0.2960
    0.2933
    0.2916
    0.2888
    0.2871
    0.2843
    0.2827
    0.2798
    0.2782
    0.2752
    0.2734
    0.2703
    0.2685
    0.2653
    0.2635
    0.2603
    0.2584
    0.2550
    0.2530
    0.2495
    0.2475
    0.2439
    0.2419
    0.2383
    0.2363
    0.2327
    0.2306
    0.2269
    0.2248
    0.2208
    0.2186
    0.2145
    0.2122
    0.2080
    0.2056
    0.2011
    0.1986
    0.1938
    0.1912
    0.1860
    0.1834
    0.1780
    0.1880
    0.1938
    0.2028
    0.2071
    0.2096
    0.1947
    0.1791
    0.1581
    0.1368
    0.1151
    0.0927
    0.0692
    0.0456
    0.0197];

maximosStgomaipuNS=1.0e-03*[    0.5555
    0.5502
    0.5448
    0.5395
    0.5342
    0.5288
    0.5235
    0.5181
    0.5128
    0.5074
    0.5021
    0.4967
    0.4914
    0.4860
    0.4807
    0.4753
    0.4699
    0.4645
    0.4592
    0.4538
    0.4484
    0.4430
    0.4376
    0.4322
    0.4268
    0.4214
    0.4159
    0.4105
    0.4051
    0.3996
    0.3942
    0.3887
    0.3833
    0.3778
    0.3723
    0.3668
    0.3613
    0.3553
    0.3493
    0.3446
    0.3399
    0.3366
    0.3338
    0.3323
    0.3293
    0.3278
    0.3249
    0.3234
    0.3205
    0.3190
    0.3159
    0.3143
    0.3110
    0.3093
    0.3061
    0.3044
    0.3011
    0.2994
    0.2959
    0.2941
    0.2906
    0.2887
    0.2851
    0.2833
    0.2795
    0.2777
    0.2740
    0.2723
    0.2684
    0.2666
    0.2626
    0.2607
    0.2566
    0.2547
    0.2504
    0.2485
    0.2439
    0.2420
    0.2371
    0.2350
    0.2298
    0.2279
    0.2226
    0.2367
    0.2459
    0.2593
    0.2668
    0.2721
    0.2552
    0.2373
    0.2122
    0.1864
    0.1597
    0.1316
    0.1009
    0.0702
    0.0339];

maximosStgopenalolenEW=1.0e-03*[    0.5056
    0.5005
    0.4954
    0.4903
    0.4852
    0.4801
    0.4750
    0.4699
    0.4648
    0.4597
    0.4546
    0.4494
    0.4443
    0.4392
    0.4341
    0.4290
    0.4239
    0.4188
    0.4136
    0.4085
    0.4034
    0.3983
    0.3932
    0.3881
    0.3830
    0.3779
    0.3728
    0.3676
    0.3625
    0.3574
    0.3523
    0.3472
    0.3420
    0.3369
    0.3318
    0.3266
    0.3215
    0.3158
    0.3102
    0.3058
    0.3014
    0.2982
    0.2955
    0.2939
    0.2911
    0.2895
    0.2866
    0.2851
    0.2822
    0.2807
    0.2777
    0.2760
    0.2729
    0.2711
    0.2680
    0.2662
    0.2630
    0.2612
    0.2579
    0.2560
    0.2526
    0.2506
    0.2472
    0.2452
    0.2416
    0.2397
    0.2361
    0.2342
    0.2304
    0.2284
    0.2245
    0.2224
    0.2183
    0.2162
    0.2119
    0.2097
    0.2052
    0.2029
    0.1980
    0.1956
    0.1905
    0.1880
    0.1827
    0.1931
    0.1994
    0.2089
    0.2136
    0.2165
    0.2014
    0.1855
    0.1642
    0.1424
    0.1201
    0.0970
    0.0727
    0.0483
    0.0212];


